971
24 905
835 714
892 491
576 428
402 654
44 302
339 319
79 174
918 449
570 797
181 396
30 54
224 114
320 225
337 9
145 102
7 12
619 551
24 19
42 245
572 875
901 399
73 64
669 554
188 645
241 112
518 32
746 586
242 16
767 606
471 149
212 281
148 46
285 126
271 796
208 910
195 11
773 498
747 687
774 759
338 54
401 416
39 758
182 318
267 558
442 169
133 541
964 639
270 254
902 574
517 58
72 30
179 137
62 43
353 291
350 277
783 220
127 21
1 20
313 548
183 32
928 910
765 884
47 7
547 229
588 192
118 54
462 97
30 16
178 433
27 10
201 73
527 34
87 384
611 570
654 954
874 484
81 27
71 736
624 473
26 193
917 87
187 267
728 561
288 945
760 235
363 64
336 786
51 30
682 377
77 120
602 290
816 889
749 573
51 328
502 947
47 282
80 408
43 187
944 340
298 710
270 546
498 702
155 226
711 71
104 556
393 115
268 330
364 383
21 2
115 326
189 671
476 382
168 148
456 327
84 877
289 93
277 422
225 894
144 290
298 670
120 223
802 37
232 9
14 800
589 861
705 66
113 317
444 599
11 18
185 738
531 395
7 45
103 539
417 179
95 96
432 502
535 534
583 24
40 181
269 608
122 77
505 930
16 49
22 15
760 811
955 368
18 234
88 424
92 8
529 915
83 400
154 483
322 448
706 567
7 171
114 601
633 854
402 468
62 497
169 259
71 936
634 427
565 967
465 360
349 399
65 105
231 192
197 60
314 247
332 676
130 203
174 230
629 707
260 364
340 394
251 189
134 920
686 365
161 868
644 169
105 966
851 790
200 176
777 205
666 378
923 637
196 372
11 83
269 91
97 87
84 341
243 347
32 429
139 123
534 243
565 269
23 240
963 828
919 493
296 438
442 580
543 240
693 544
612 468
558 761
487 71
119 885
716 186
582 76
816 528
369 15
406 252
520 912
345 398
554 58
99 10
207 775
53 69
614 794
94 627
200 515
97 137
111 419
68 47
672 490
116 39
413 324
577 641
848 804
557 428
437 43
935 757
172 255
445 162
732 369
881 844
25 254
18 23
348 886
90 303
274 533
276 141
186 99
62 94
103 110
415 409
597 593
847 445
715 385
500 762
464 43
170 228
26 14
71 248
667 163
506 925
332 182
69 578
151 141
52 49
23 360
64 418
284 380
717 452
538 370
397 82
55 22
682 831
237 264
194 403
288 927
801 159
158 221
788 220
267 335
608 709
149 421
108 371
822 530
293 172
735 671
51 98
7 60
412 697
265 105
13 1
723 302
219 866
322 540
372 701
715 725
300 756
626 430
215 358
680 286
60 609
277 108
768 401
101 220
333 238
198 260
39 56
700 29
505 242
18 82
191 903
77 47
678 803
488 3
631 9
14 85
313 70
486 259
11 141
739 238
110 356
88 818
325 251
319 256
166 846
699 659
636 549
239 158
96 310
157 730
182 252
124 39
164 931
157 70
70 34
309 299
512 97
51 135
660 189
622 362
630 714
878 757
548 561
51 149
688 367
33 44
60 907
257 342
134 9
29 39
201 423
334 248
577 198
125 72
278 95
190 139
731 380
625 500
48 133
244 184
32 119
53 42
715 842
154 49
316 839
192 430
833 422
219 635
529 898
617 168
267 639
256 174
385 278
481 620
519 141
111 85
404 129
10 57
537 436
159 118
286 382
29 3
294 82
791 849
642 208
745 456
243 14
784 413
956 101
522 289
253 792
49 263
293 436
4 291
365 309
29 516
595 506
14 9
13 19
349 324
665 569
286 78
270 374
246 220
297 331
600 683
26 132
180 188
950 166
453 282
687 599
528 39
532 503
939 864
585 572
604 179
752 546
369 395
530 26
53 212
230 378
3 2
146 526
420 690
166 126
948 657
740 871
412 691
937 421
926 850
951 297
466 763
265 271
727 304
957 374
179 560
496 176
478 290
82 176
755 62
249 52
863 82
382 632
883 826
783 857
233 370
87 113
14 202
735 843
5 86
386 662
678 138
254 480
252 477
121 51
214 155
549 52
125 178
263 694
144 29
479 16
161 86
32 30
897 234
342 562
346 231
3 16
104 62
603 122
431 689
894 962
545 600
297 196
569 527
812 713
834 150
192 96
57 882
819 103
18 43
299 35
586 212
5 34
514 420
910 914
76 153
590 117
832 167
4 273
66 191
696 220
368 105
54 114
959 720
189 89
266 48
53 850
131 3
279 18
13 28
283 391
504 129
520 226
218 214
272 888
292 2
324 134
489 787
41 741
262 102
38 36
431 203
33 78
315 144
79 859
354 575
389 298
815 830
63 17
779 729
172 35
470 649
3 9
590 806
450 89
489 893
864 213
647 655
290 757
126 965
934 318
217 93
36 160
492 192
708 328
5 1
316 525
138 98
304 657
283 345
64 858
913 763
112 968
482 6
566 29
108 40
160 316
307 510
370 880
439 31
9 10
18 107
85 117
434 138
778 15
46 225
305 542
93 40
143 109
109 204
821 533
545 511
958 364
882 904
67 150
152 553
664 387
360 943
40 1
123 207
268 296
238 108
45 146
808 510
277 814
555 285
646 112
309 322
921 617
750 49
536 483
17 90
594 123
438 869
673 171
16 163
771 462
953 531
167 20
71 67
196 507
38 828
236 961
366 135
487 860
75 103
392 823
498 271
810 614
661 182
226 390
213 425
73 101
637 263
72 123
295 764
451 460
164 115
164 283
412 466
143 147
63 65
362 231
331 454
250 173
222 145
737 565
284 210
440 152
552 450
419 766
86 175
684 253
130 177
102 130
367 279
606 94
685 531
327 54
170 61
971 940
523 84
47 152
179 287
79 856
286 618
366 653
195 598
58 274
229 57
49 100
254 458
72 211
57 112
72 807
48 173
275 161
670 887
467 628
521 196
106 227
805 660
206 165
157 499
190 650
643 712
374 401
865 704
311 941
908 44
571 553
485 141
542 899
63 414
155 127
64 837
59 169
118 675
300 210
394 722
253 651
407 257
772 209
261 61
195 321
64 12
643 143
710 862
6 481
427 247
467 316
791 790
916 883
355 127
312 136
271 909
313 817
704 11
379 247
241 765
317 844
105 288
377 896
479 490
87 11
88 18
236 82
46 50
344 677
769 536
79 73
495 111
297 829
469 109
838 594
336 18
26 257
568 257
10 66
253 340
105 115
216 679
239 376
166 210
430 692
470 776
640 576
810 970
211 354
97 629
39 435
217 929
703 681
606 748
605 39
587 247
225 388
785 727
721 480
15 9
198 71
470 347
491 287
557 633
287 616
216 148
138 494
412 386
564 318
614 328
584 891
720 671
61 4
589 469
906 378
381 501
872 811
185 420
12 80
506 73
95 42
323 94
31 9
804 701
125 162
11 37
381 178
202 237
509 131
4 3
16 199
449 60
815 617
47 473
46 76
933 800
74 140
924 880
357 78
567 387
647 176
268 900
681 440
35 184
743 411
698 669
304 275
648 129
610 470
134 215
122 386
272 581
826 682
396 511
253 243
663 627
824 373
426 309
93 574
213 144
302 402
79 84
90 638
251 623
740 243
17 10
196 298
306 114
97 795
405 108
463 239
840 530
18 513
876 376
214 550
17 474
233 200
32 185
307 137
219 121
352 225
295 216
488 853
18 457
209 58
329 344
340 446
7 3
102 47
960 248
68 208
137 158
34 74
782 205
596 55
594 718
36 25
524 141
820 723
5 8
180 7
484 15
667 969
544 259
513 695
184 205
151 799
75 59
250 734
251 301
867 8
333 873
559 358
879 519
495 500
393 719
584 176
1 2
55 128
572 265
46 58
373 311
311 91
6 11
339 472
658 386
158 713
12 42
41 579
654 952
335 668
80 592
1 6
39 41
154 411
607 34
67 54
168 351
926 932
483 489
81 493
340 461
444 28
729 579
126 136
46 870
24 387
744 149
46 156
129 108
142 10
754 135
372 377
475 366
336 742
781 662
827 450
778 789
179 194
390 447
15 91
173 845
573 513
182 50
375 117
653 836
615 75
872 890
265 508
119 409
451 353
130 656
109 29
793 270
33 15
168 751
895 761
409 563
308 256
17 35
240 280
122 247
186 428
150 593
942 733
172 410
348 6
397 441
196 115
655 790
59 53
432 275
289 946
330 855
26 459
91 106
25 17
41 46
626 813
48 21
621 373
825 644
420 551
136 165
798 523
305 114
724 65
