14945.7931378
2224.21048889
2295.24759889
2352.30544889
2408.33165889
2465.35311889
2465.38950889
2578.43717889
2651.46881889
2741.50050889
2788.52772889
2855.54343889
2944.62883889
2983.63839889
3075.66932889
3130.70680889
3201.74391889
3204.71191889
3317.79597889
3338.80282889
3416.86438889
3524.88213889
3544.92296889
3621.93489889
3645.97064889
3721.00330889
3777.01113889
3877.10441889
3891.05406889
3964.13644889
4038.12247889
4067.14563889
4141.13166889
4212.16877889
4214.21404889
4327.29810889
4343.20926889
4458.23620889
4490.36143889
4572.27913889
4637.42984889
4671.34754889
4738.47752889
4784.43160889
4885.54593889
4915.47209889
5032.61434889
5046.51258889
5159.59664889
5188.71545889
5290.63713889
5301.79951889
5403.72119889
5414.88357889
5502.78960889
5542.94215889
5589.82163889
5629.97418889
5702.90569889
5745.00112889
5849.97410889
5931.08043889
5963.05816889
6046.10737889
6064.10584889
6175.14996889
6177.18990889
6264.22193889
6274.21837889
6351.25396889
6450.32237889
6460.29768889
6563.40643889
6588.39264889
6664.45411889
6761.50687889
6774.47195889
6887.55601889
6889.60183889
7015.65097889
7017.69679889
7074.71825889
7152.70988889
7237.78158889
7266.75281889
7338.82926889
7379.83687889
7466.88784889
7478.90528889
7565.95625889
7606.96386889
7679.04031889
7708.01154889
7793.08324889
7871.07487889
7928.09633889
7930.14215889
8056.19129889
8058.23711889
8171.32117889
8184.28625889
8281.33901889
8357.40048889
8382.38669889
8485.49544889
8495.47075889
8594.53916889
8671.57475889
8681.57119889
8768.60322889
8770.64316889
8881.68728889
8899.68575889
8982.73496889
9014.71269889
9095.81902889
9200.79200889
9242.88743889
9315.81894889
9355.97149889
9402.85097889
9443.00352889
9530.90955889
9542.07193889
9643.99361889
9655.15599889
9757.07767889
9786.19648889
9899.28054889
9913.17878889
10030.3210389
10060.2471989
10161.3615289
10207.3156089
10274.4455889
10308.3632889
10373.5139989
10455.4316989
10487.5569289
10602.5838689
10618.4950289
10731.5790889
10733.6243589
10804.6614689
10878.6474989
10907.6706589
10981.6566889
11054.7390689
11068.6887189
11168.7819989
11224.7898289
11299.8224889
11323.8582389
11400.8701689
11420.9109989
11528.9287489
11606.9903089
11627.9971589
11741.0812189
11744.0492189
11815.0863289
11870.1238089
11962.1547389
12001.1642989
12090.2496989
12157.2654089
12204.2926289
12294.3243189
12367.3559589
12480.4036289
12480.4400189
12537.4614789
12593.4876889
12650.5455389
12721.5826489
