4404.6172614
4551.6856714
4579.24847655
4648.7384314
4745.7911914
4859.8341214
4943.95291323
4987.8927014
5044.9141614
5110.24985058
5201.0152714
5234.33645321
5314.0993314
5485.45018224
5500.1786414
5512.16014024
5613.2627014
5614.78765846
5750.3216114
5865.3485514
5993.4071314
6121.4657114
6152.51987852
6210.77052584
6232.97094932
6252.5062014
6365.5902614
6394.19123281
6415.5695314
6479.6331914
6504.13579912
6601.6488414
6620.9872954
6626.7016014
6652.88265468
6697.7387114
6712.95469245
6764.7121714
6794.7914714
6895.8391514
6901.7710814
7032.8115714
7042.9075614
7160.8701514
7199.0086714
7217.8916114
7320.9008014
7385.0879814
7446.41298074
7477.0019114
7484.1563914
7612.2513514
7640.0652414
7664.73906095
7741.2939414
7765.25263635
7787.1336514
7869.3889014
7884.23612847
7901.1765814
7966.4416614
8016.2035214
8095.4842514
8163.2719314
8182.5162814
8220.36536246
8277.3148614
8301.70614889
8311.5588714
8391.81843325
8459.67919743
8463.3941714
8467.6599814
8560.4469314
8570.6691714
8626.78096376
8665.42689279
8673.5309914
8685.6961114
8795.92507936
8801.5895714
8822.7550214
8950.8499814
9046.2558623
9063.9340414
