3101.62075317
3216.64769317
3344.70627317
3500.80738317
3614.85031317
3713.91872317
3827.00278317
3884.02424317
3981.07700317
4109.13558317
4206.18834317
4320.23127317
4377.25273317
4506.29532317
4637.33581317
4765.43077317
4896.47126317
5009.55532317
5122.63938317
5308.71869317
5405.77145317
5561.87256317
5675.91549317
5746.95260317
5875.01118317
5978.02037317
6106.07895317
6237.11944317
6423.19875317
6522.26716317
6650.36212317
6787.42103317
6900.50509317
7003.51428317
7166.57761317
7297.61810317
7354.63956317
7441.67159317
7570.71418317
7685.74112317
7786.78880317
7900.83173317
8003.84092317
8116.92498317
8215.99339317
8344.05197317
8475.09246317
8631.19357317
8759.25215317
8887.34711317
9000.43117317
9087.46320317
9216.50579317
9363.57420317
9519.67531317
9682.73864317
9797.76558317
9925.86054317
10081.9616532
10152.9987632
10256.0079532
10355.0763632
10486.1168532
10617.1573432
10773.2584532
10872.3268632
10986.3697932
11114.4283732
11213.4967832
11326.5808432
11413.6128732
11576.6762032
11679.6853932
11750.7225032
11887.7814132
11958.8185232
12061.8277132
12224.8910432
12387.9543732
12490.9635632
12619.0221432
12748.0647332
12849.1124132
12977.1709932
13078.2186732
13241.2820032
13397.3831132
13511.4260432
13658.4944532
13773.5213932
13959.6007032
14016.6221632
14087.6592732
14216.7018632
14303.7338932
